train_net: "train_densenet40.prototxt"
test_net: "test_densenet40.prototxt"
test_iter: 500
test_interval: 5000
base_lr: 0.10000000149
display: 1
max_iter: 100040
lr_policy: "multistep"
gamma: 0.10000000149
momentum: 0.899999976158
weight_decay: 9.99999974738e-05
snapshot: 5000
snapshot_prefix: "./snap/cifar100_dense40"
solver_mode: GPU
random_seed: 831486
stepvalue: 50020
stepvalue: 75030
type: "Nesterov"
