train_net: "train_densenet.prototxt"
test_net: "test_densenet.prototxt"
test_iter: 200
test_interval: 800
base_lr: 0.10000000149
display: 1
max_iter: 230000
lr_policy: "multistep"
gamma: 0.10000000149
momentum: 0.899999976158
weight_decay: 9.99999974738e-05
solver_mode: GPU
random_seed: 831486
stepvalue: 115000
stepvalue: 172500
type: "Nesterov"
